name: VC_P4
channels:
  - conda-forge
  - defaults
dependencies:
  - asttokens=3.0.0=pyhd8ed1ab_1
  - bzip2=1.0.8=h0ad9c76_8
  - ca-certificates=2025.10.5=h4c7d964_0
  - colorama=0.4.6=pyhd8ed1ab_1
  - comm=0.2.3=pyhe01879c_0
  - cpython=3.9.23=py39hd8ed1ab_0
  - debugpy=1.8.16=py39h1f3cc84_0
  - decorator=5.2.1=pyhd8ed1ab_0
  - exceptiongroup=1.3.0=pyhd8ed1ab_0
  - executing=2.2.0=pyhd8ed1ab_0
  - importlib-metadata=8.7.0=pyhe01879c_1
  - ipykernel=6.30.1=pyh3521513_0
  - ipython=8.18.1=pyh7428d3b_3
  - jedi=0.19.2=pyhd8ed1ab_1
  - jupyter_client=8.6.3=pyhd8ed1ab_1
  - jupyter_core=5.8.1=pyh5737063_0
  - krb5=1.21.3=hdf4eb48_0
  - libexpat=2.7.1=hac47afa_0
  - libffi=3.5.2=h52bdfb6_0
  - liblzma=5.8.1=h2466b09_2
  - libsodium=1.0.20=hc70643c_0
  - libsqlite=3.50.4=hf5d6505_0
  - libzlib=1.3.1=h2466b09_2
  - matplotlib-inline=0.1.7=pyhd8ed1ab_1
  - nest-asyncio=1.6.0=pyhd8ed1ab_1
  - openssl=3.5.4=h725018a_0
  - packaging=25.0=pyh29332c3_1
  - parso=0.8.4=pyhd8ed1ab_1
  - pickleshare=0.7.5=pyhd8ed1ab_1004
  - pip=25.2=pyhc872135_1
  - platformdirs=4.3.8=pyhe01879c_0
  - prompt-toolkit=3.0.51=pyha770c72_0
  - pure_eval=0.2.3=pyhd8ed1ab_1
  - pygments=2.19.2=pyhd8ed1ab_0
  - python=3.9.23=h8c5b53a_0_cpython
  - python-dateutil=2.9.0.post0=pyhe01879c_2
  - python_abi=3.9=8_cp39
  - pywin32=311=py39h5fb4b08_0
  - pyzmq=27.0.2=py39h248659b_0
  - setuptools=80.9.0=py39haa95532_0
  - six=1.17.0=pyhe01879c_1
  - sqlite=3.50.2=hda9a48d_1
  - stack_data=0.6.3=pyhd8ed1ab_1
  - tk=8.6.13=h2c6b04d_2
  - tornado=6.5.2=py39h0802e32_0
  - traitlets=5.14.3=pyhd8ed1ab_1
  - typing_extensions=4.14.1=pyhe01879c_0
  - ucrt=10.0.22621.0=haa95532_0
  - vc=14.3=h2df5915_10
  - vc14_runtime=14.44.35208=h4927774_10
  - vs2015_runtime=14.44.35208=ha6b5a95_10
  - wcwidth=0.2.13=pyhd8ed1ab_1
  - wheel=0.45.1=py39haa95532_0
  - zeromq=4.3.5=h5bddc39_9
  - zipp=3.23.0=pyhd8ed1ab_0
  - pip:
      - accelerate==1.10.1
      - bitsandbytes==0.48.2
      - certifi==2025.10.5
      - charset-normalizer==3.4.4
      - contourpy==1.3.0
      - cycler==0.12.1
      - easyocr==1.7.2
      - filelock==3.19.1
      - fonttools==4.60.1
      - fsspec==2025.9.0
      - huggingface-hub==0.36.0
      - idna==3.11
      - imageio==2.37.2
      - importlib-resources==6.5.2
      - jinja2==3.1.6
      - kiwisolver==1.4.7
      - lap==0.5.12
      - lazy-loader==0.4
      - markupsafe==3.0.3
      - matplotlib==3.9.4
      - mpmath==1.3.0
      - networkx==3.2.1
      - ninja==1.13.0
      - numpy==2.0.2
      - opencv-python==4.12.0.88
      - opencv-python-headless==4.12.0.88
      - pandas==2.3.3
      - pillow==11.3.0
      - polars==1.34.0
      - polars-runtime-32==1.34.0
      - psutil==7.1.0
      - pyclipper==1.3.0.post6
      - pyparsing==3.2.5
      - pytesseract==0.3.13
      - python-bidi==0.6.7
      - pytz==2025.2
      - pyyaml==6.0.3
      - regex==2025.11.3
      - requests==2.32.5
      - safetensors==0.6.2
      - scikit-image==0.24.0
      - scipy==1.13.1
      - shapely==2.0.7
      - sympy==1.13.1
      - tifffile==2024.8.30
      - tokenizers==0.22.1
      - torch==2.5.1+cu121
      - torchaudio==2.5.1+cu121
      - torchvision==0.20.1+cu121
      - tqdm==4.67.1
      - transformers==4.57.1
      - typing-extensions==4.15.0
      - tzdata==2025.2
      - ultralytics==8.3.215
      - ultralytics-thop==2.0.17
      - urllib3==2.5.0
prefix: C:\Users\asmae\anaconda3\envs\VC_P4
